OS: Windows-10-10.0.22000-SP0 10.0.22000
Python: 3.7.9
Stable-Baselines3: 1.5.0
PyTorch: 1.11.0+cu113
GPU Enabled: True
Numpy: 1.21.6
Gym: 0.21.0
